tc=2.26918531421302
tcm=2.27034774873285
nue(x)=-0.896257592050245*x+-0.708188586041528
nuc(x)=-1.08804164577926*x+-0.044273069299984
num(x)=-1.01414100266453*x+0.22535909273304
nukhi(x)=-1.02276233398344*x+0.869470009563331
gammanu(x)=1.75694045968865*x+-3.06279874006702
betanu(x)=-0.14096300422264*x+-0.120825693692679
alphanu(x)=0.249172839462891*x+-0.241345578812719
nu=0.96096096753573
gamma=1.68835120404508
beta=0.135459944924531
alpha=0.239445372893885
