#Degs: {'e': 3, 'm': 3, 'c': 2, 'x': 2}
#Fitbounds: [(2.25, 2.5), (2.25, 2.35), (2.25, 2.35), (2.25, 2.35), (2.27, 2.31), (2.27, 2.31), (2.26, 2.31)]
fe15(x) = -4.683703*x**3 +32.471221*x**2 -73.522099*x**1 +52.905309*x**0 
fe30(x) = -41.647311*x**3 +286.521246*x**2 -655.161769*x**1 +496.520274*x**0 
fe45(x) = -60.749298*x**3 +416.978770*x**2 -951.963417*x**1 +721.470111*x**0 
fe60(x) = -91.411977*x**3 +626.680066*x**2 -1429.871772*x**1 +1084.419476*x**0 
fe75(x) = -239.756791*x**3 +1641.293656*x**2 -3742.921886*x**1 +2842.045741*x**0 
fe90(x) = -466.060537*x**3 +3183.623521*x**2 -7246.490376*x**1 +5494.768231*x**0 
fe120(x) = -139.276562*x**3 +947.450791*x**2 -2145.888644*x**1 +1616.761065*x**0 
fc15(x) = -14.311121*x**2 +66.354249*x**1 -75.406108*x**0 
fc30(x) = -76.753546*x**2 +352.428262*x**1 -402.689194*x**0 
fc45(x) = -142.834220*x**2 +653.132786*x**1 -744.571569*x**0 
fc60(x) = -191.527059*x**2 +874.159110*x**1 -995.279279*x**0 
fc75(x) = -357.491893*x**2 +1628.040146*x**1 -1851.222128*x**0 
fc90(x) = -609.054272*x**2 +2775.295627*x**1 -3159.166848*x**0 
fc120(x) = -886.436360*x**2 +4034.515795*x**1 -4588.119298*x**0 
fm15(x) = +7.217581*x**3 -50.952963*x**2 +118.446950*x**1 -90.025416*x**0 
fm30(x) = +114.977612*x**3 -794.360263*x**2 +1826.514899*x**1 -1397.174260*x**0 
fm45(x) = +218.004593*x**3 -1503.365182*x**2 +3451.699548*x**1 -2638.061366*x**0 
fm60(x) = +467.625137*x**3 -3217.601976*x**2 +7374.497184*x**1 -5629.373632*x**0 
fm75(x) = +1189.932105*x**3 -8173.615725*x**2 +18708.394881*x**1 -14268.388617*x**0 
fm90(x) = +3331.720695*x**3 -22795.934062*x**2 +51982.414215*x**1 -39505.750610*x**0 
fm120(x) = +1268.645715*x**3 -8676.476484*x**2 +19771.063767*x**1 -15010.213106*x**0 
fx15(x) = -85.661757*x**2 +413.200340*x**1 -492.859958*x**0 
fx30(x) = -958.374170*x**2 +4502.648400*x**1 -5269.846511*x**0 
fx45(x) = -4488.685452*x**2 +20807.715838*x**1 -24076.696885*x**0 
fx60(x) = -11777.503098*x**2 +54341.942878*x**1 -62623.605309*x**0 
fx75(x) = -24230.777125*x**2 +111577.896679*x**1 -128355.435022*x**0 
fx90(x) = -82736.320961*x**2 +379461.626948*x**1 -434961.473476*x**0 
fx120(x) = -168853.899845*x**2 +772380.490488*x**1 -883056.980816*x**0 
fe(x) = +0.636056*x**1 +2.270653*x**0 
fc(x) = +0.742337*x**1 +2.269454*x**0 
fm(x) = +1.215424*x**1 +2.269975*x**0 
fx(x) = +2.138825*x**1 +2.271615*x**0 
fmean(x) = +1.183160*x**1 +2.270424*x**0 
