fe15(x) = -4.476186*x**4 +36.362274*x**3 -108.407245*x**2 +140.949385*x**1 -69.276680*x**0 
fe30(x) = +0.339593*x**4 -17.816009*x**3 +111.852370*x**2 -246.488040*x**1 +181.109849*x**0 
fe45(x) = -81.954786*x**4 +720.575530*x**3 -2371.334196*x**2 +3463.180945*x**1 -1896.136006*x**0 
fe60(x) = -82.911460*x**4 +724.201051*x**3 -2366.642079*x**2 +3430.667569*x**1 -1863.510604*x**0 
fe75(x) = +162.150522*x**4 -1537.458437*x**3 +5457.413773*x**2 -8594.093232*x**1 +5063.962085*x**0 
fe120(x) = +2147.507345*x**4 -19784.792872*x**3 +68340.972662*x**2 -104896.629813*x**1 +60362.671653*x**0 
fc15(x) = +157.088608*x**4 -1456.677849*x**3 +5046.746547*x**2 -7742.007944*x**1 +4438.254387*x**0 
fc30(x) = +1560.428309*x**4 -14334.731663*x**3 +49315.084719*x**2 -75300.753462*x**1 +43060.285439*x**0 
fc45(x) = +4050.993773*x**4 -37006.520704*x**3 +126654.845875*x**2 -192476.278926*x**1 +109588.229815*x**0 
fc60(x) = +5918.176198*x**4 -53934.421253*x**3 +184171.646806*x**2 -279282.273168*x**1 +158688.531837*x**0 
fc75(x) = +23559.057412*x**4 -215035.490020*x**3 +735733.378458*x**2 -1118343.560674*x**1 +637220.556129*x**0 
fc120(x) = -5672.055584*x**4 +60421.131629*x**3 -236968.091714*x**2 +407192.449323*x**1 -259395.886059*x**0 
fm15(x) = +11.679679*x**4 -101.708946*x**3 +329.671787*x**2 -472.163291*x**1 +253.337153*x**0 
fm30(x) = +61.991062*x**4 -535.066017*x**3 +1721.870698*x**2 -2448.736160*x**1 +1299.359289*x**0 
fm45(x) = +462.760009*x**4 -4136.195711*x**3 +13848.043893*x**2 -20585.058732*x**1 +11465.164819*x**0 
fm60(x) = +675.437145*x**4 -6029.581690*x**3 +20163.419887*x**2 -29939.137703*x**1 +16656.405598*x**0 
fm75(x) = +154.560643*x**4 -1125.356917*x**3 +2869.196548*x**2 -2866.538876*x**1 +782.373966*x**0 
fm120(x) = -17008.356904*x**4 +156992.173387*x**3 -543315.837562*x**2 +835542.950093*x**1 -481767.929821*x**0 
fx15(x) = +329.009951*x**4 -3249.148821*x**3 +11926.676249*x**2 -19292.866989*x**1 +11611.127343*x**0 
fx30(x) = +19061.044067*x**4 -178018.181781*x**3 +622474.355384*x**2 -965811.114129*x**1 +561033.440614*x**0 
fx45(x) = +40245.893183*x**4 -382692.598154*x**3 +1360270.298678*x**2 -2142423.456673*x**1 +1261753.626639*x**0 
fx60(x) = +125159.244592*x**4 -1168791.431130*x**3 +4086086.144490*x**2 -6338319.902028*x**1 +3681010.042808*x**0 
fx75(x) = +1860540.232296*x**4 -17083170.743481*x**3 +58797825.784076*x**2 -89908834.932838*x**1 +51535302.797617*x**0 
fx120(x) = +28401383.734772*x**4 -259779822.003327*x**3 +890911313.123023*x**2 -1357727616.542523*x**1 +775806790.428594*x**0 
