tc = 2.26918531421302
tcm = 2.27042404201964
nu1(x)=-1.03357978169437*x+0.338636125361554
nu2(x)=-1.09389186432119*x+0.508604929769798
nue(x)=-0.900607463297707*x+-0.697127245601998
nuc(x)=-1.0941323805926*x+-0.0275785336093026
num(x)=-1.01750409454846*x+0.234515119340316
nukhi(x)=-1.02457338493087*x+0.874402627058172
gammanu(x)=1.75694045968865*x+-3.06279874006702
betanu(x)=-0.14096300422264*x+-0.120825693692679
alphanu(x)=0.249172839462891*x+-0.241345578812719
gammanu(x)=1.75694045968866*x+-3.06279874006703
betanu(x)=-0.140963004222639*x+-0.120825693692681
alphanu(x)=0.24917283946289*x+-0.241345578812715
nu = 0.995785215
gamma = 1.749535334
beta = 0.140368875
alpha = 0.24812263