tc = 2.26918531421302
tcm = 2.27042404201964
nu1(x)=-1.03357978169437*x+0.338636125361554
nu2(x)=-1.09389186432119*x+0.508604929769798
gammanu(x)=1.75694045968866*x+-3.06279874006703
betanu(x)=-0.140963004222639*x+-0.120825693692681
alphanu(x)=0.24917283946289*x+-0.241345578812715
nu = 0.91
gamma = 1.7
beta = 0.136
alpha = 0.24