fe(x) = +0.845416*x**1 +2.266191*x**0 
fc(x) = +0.807450*x**1 +2.268743*x**0 
fm(x) = +1.260619*x**1 +2.268935*x**0 
fx(x) = +2.209785*x**1 +2.271114*x**0 
