#90 is bad
#Degs: {'e': 3, 'm': 3, 'c': 2, 'x': 2}
#Fitbounds: [(2.2, 2.5), (2.25, 2.35), (2.25, 2.35), (2.25, 2.35), (2.25, 2.35), (2.1, 2.2), (2.25, 2.31)]
fe15(x) = -5.647019*x**3 +39.341592*x**2 -89.846493*x**1 +65.827538*x**0 
fe30(x) = -41.647311*x**3 +286.521246*x**2 -655.161769*x**1 +496.520274*x**0 
fe45(x) = -60.749298*x**3 +416.978770*x**2 -951.963417*x**1 +721.470111*x**0 
fe60(x) = -91.411977*x**3 +626.680066*x**2 -1429.871772*x**1 +1084.419476*x**0 
fe75(x) = -64.067960*x**3 +436.303335*x**2 -988.118624*x**1 +742.790317*x**0 
fe90(x) = +3.171340*x**3 -18.215959*x**2 +35.484975*x**1 -25.217016*x**0 
fe120(x) = -267.641750*x**3 +1826.018814*x**2 -4150.237704*x**1 +3140.958217*x**0 
fc15(x) = -15.229517*x**2 +70.741372*x**1 -80.641476*x**0 
fc30(x) = -76.753546*x**2 +352.428262*x**1 -402.689194*x**0 
fc45(x) = -142.834220*x**2 +653.132786*x**1 -744.571569*x**0 
fc60(x) = -191.527059*x**2 +874.159110*x**1 -995.279279*x**0 
fc75(x) = -241.037134*x**2 +1099.386691*x**1 -1251.344224*x**0 
fc90(x) = +39.657277*x**2 -167.229727*x**1 +177.378444*x**0 
fc120(x) = -790.554534*x**2 +3596.719379*x**1 -4088.390893*x**0 
fm15(x) = +7.876690*x**3 -55.661777*x**2 +129.654918*x**1 -98.913370*x**0 
fm30(x) = +114.977612*x**3 -794.360263*x**2 +1826.514899*x**1 -1397.174260*x**0 
fm45(x) = +218.004593*x**3 -1503.365182*x**2 +3451.699548*x**1 -2638.061366*x**0 
fm60(x) = +467.625137*x**3 -3217.601976*x**2 +7374.497184*x**1 -5629.373632*x**0 
fm75(x) = +451.159207*x**3 -3092.595297*x**2 +7060.278002*x**1 -5367.664254*x**0 
fm90(x) = +4.644916*x**3 -34.419836*x**2 +82.831545*x**1 -64.310049*x**0 
fm120(x) = +1968.772728*x**3 -13468.345793*x**2 +30703.146994*x**1 -23323.460760*x**0 
fx15(x) = -71.478681*x**2 +345.567487*x**1 -412.296877*x**0 
fx30(x) = -958.374170*x**2 +4502.648400*x**1 -5269.846511*x**0 
fx45(x) = -4488.685452*x**2 +20807.715838*x**1 -24076.696885*x**0 
fx60(x) = -11777.503098*x**2 +54341.942878*x**1 -62623.605309*x**0 
fx75(x) = -25311.786531*x**2 +116465.380470*x**1 -133881.206701*x**0 
fx90(x) = +4010.826808*x**2 -17367.326813*x**1 +18802.877054*x**0 
fx120(x) = -104772.483771*x**2 +479784.744697*x**1 -549069.766755*x**0 
